28494241
29404425
11677207
27243595
28662525
27694142
28806280
27802154
25002459
15948174
22549015
27293190
28917294
24625929
22101768
19597497
22797772
19733489
22749353
27841267
23651994
20434504
25614621
16794196
15094809
18753155
16143967
19356222
16613833
18172259
21477282
29211769
25614621
19603012
24162466
22910106
28670325
18348307
28494241
29404425
11677207
27243595
28662525
27694142
28806280
27802154
25002459
15948174
22549015
27293190
28917294
24625929
22101768
19597497
22797772
19733489
22749353
27841267
23651994
20434504
25614621
16794196
15094809
18753155
16143967
19356222
16613833
18172259
21477282
29211769
25614621
19603012
24162466
22910106
28670325
18348307
